	 65
	 
	  6712        56      
	  8711        51
	  9001        93
	  9101       123
	  6771        66
	  6200        45
	  7882        14
	  9983        67
	  7199        78
	  4519        54
	  5623        90
	  3491        72
	  3176        98
	  7118        32
	  6621        45
      5638       170
       787       168
      4159        41
      8212       141
      3112        55
       260        94
        77        25
      9197        38
      3255       191
      7502        79
       912        40
      9578        92
        59        16
      2307        67
      4339        98
      4610       113
       345        91
      5500       127
      8872        30
       920       191
      1678       191
      4413        96
      5332       156
      6101        82
      4538       156
      1210       159
      2876        72
      2964       129
        79       103
      4564        25
      9686       115
      3473        27
      4392       167
      1507        10
      9364       125
       387       100
      5498       140
       226        21
      7812        83
      8277       191
      4517        56
       541       138
      6183        70
       673        40
      4521       113
      5213        53
      9233       175
      1475        50
      6264        85
      2742        77