34
92
84
9
83
7
55
32
4
71
52
37
28
65
11
59
68
88
42
55
89
76
87
5
38
81
88
93
98
65
43
65
73
55
82
93
65
76
32
45
49
98
56
9
65
88
89
90
91
92
93
94
95
96
97
98
99
100
99
99
98
97
96
95
95
95
59
95
95
95
95
95
95
95
95
95
95
95
95
95
95
95
95
95
95
95
95
95
95
95
95
95
95
95
95
95
95
95
95
95
95
95
95
95
95
95
95
95
95
95
95
95
32
45
49
98
56
9
65
88
89
90
91
92
93
94
95
96
97
32
45
49
98
56
9
65
88
89
90
91
92
93
94
95
96
97
32
45
49
98
56
9
65
88
89
90
91
92
93
94
95
96
97
32
45
49
98
56
9
65
88
89
90
91
92
93
94
95
96
97
32
45
49
98
56
9
65
88
89
90
91
92
93
94
95
96
97
32
45
49
98
56
9
65
88
89
90
91
92
93
94
95
96
97
32
45
49
98
56
9
65
88
89
90
91
92
93
94
95
96
97
32
45
49
98
56
9
65
88
89
90
91
92
93
94
95
96
97
32
45
49
98
56
9
65
88
89
90
91
92
93
94
95
96
97
32
45
49
98
56
9
65
88
89
90
91
92
93
94
95
96
97
32
45
49
98
56
9
65
88
89
90
91
92
93
94
95
96
97
32
45
49
98
56
9
65
88
89
90
91
92
93
94
95
96
97
32
45
49
98
56
9
65
88
89
90
91
92
93
94
95
96
97
32
45
49
98
56
9
65
88
89
90
91
92
93
94
95
96
97
32
45
49
98
56
9
65
88
89
90
91
92
93
94
95
96
97
32
45
49
98
56
9
65
88
89
90
91
92
93
94
95
96
97
32
45
49
98
56
9
65
88
89
90
91
92
93
94
95
96
97
32
45
49
98
56
9
65
88
89
90
91
92
93
94
95
96
97
32
45
49
98
56
9
65
88
89
90
91
92
93
94
95
96
97
32
45
49
98
56
9
65
88
89
90
91
92
93
94
95
96
97
32
45
49
98
56
9
65
88
89
90
91
92
93
94
95
96
97
32
45
49
98
56
9
65
88
89
90
91
92
93
94
95
96
97
32
45
49
98
56
9
65
88
89
90
91
92
93
94
95
96
97
32
45
49
98
56
9
65
88
89
90
91
92
93
94
95
96
97
32
45
49
98
56
9
65
88
89
90
91
92
93
94
95
96
97
32
45
49
98
56
9
65
88
89
90
91
92
93
94
95
96
97
32
45
49
98
56
9
65
88
89
90
91
92
93
94
95
96
97
32
45
49
98
56
9
65
88
89
90
91
92
93
94
95
96
97
32
45
49
98
56
9
65
88
89
90
91
92
93
94
95
96
97
32
45
49
98
56
9
65
88
89
90
91
92
93
94
95
96
97
32
45
49
98
56
9
65
88
89
90
91
92
93
94
95
96
97